Asteroid tip 1
	       { {0x00000000, 0x00022000, 0x00000000},
		 {0x00000000, 0x00200200, 0x00000000},
		 {0x00000000, 0x02002000, 0x00000000},
		 {0x00000000, 0x20000200, 0x00000000},
		 {0x00000002, 0x00002000, 0x00000000},
		 {0x00000020, 0x00020000, 0x00000000},
		 {0x00000200, 0x00002000, 0x00000000},
		 {0x00000200, 0x00000200, 0x00000000},
		 {0x00000200, 0x00000020, 0x00000000},
		 {0x00000200, 0x00000002, 0x00000000},
		 {0x00000020, 0x00000000, 0x20000000},
		 {0x00000002, 0x00000000, 0x02000000},
		 {0x00000002, 0x00000000, 0x02000000},
		 {0x00000002, 0x00000000, 0x02000000},
		 {0x00000020, 0x00000000, 0x02000000},
		 {0x00000020, 0x00000000, 0x02000000},
		 {0x00000002, 0x00000000, 0x20000000},
		 {0x00000020, 0x00000000, 0x20000000},
		 {0x00000200, 0x00000002, 0x00000000},
		 {0x00002000, 0x00000002, 0x00000000},
		 {0x00002000, 0x00000020, 0x00000000},
		 {0x00002000, 0x00000200, 0x00000000},
		 {0x00000200, 0x00002000, 0x00000000},
		 {0x00000020, 0x00020000, 0x00000000},
		 {0x00000002, 0x00200000, 0x00000000},
		 {0x00000000, 0x22000000, 0x00000000} }


0 0 0 0 0 0 0 0  0 0 0 2 2 0 0 0  0 0 0 0 0 0 0 0
0 0 0 0 0 0 0 0  0 0 2 0 0 2 0 0  0 0 0 0 0 0 0 0
0 0 0 0 0 0 0 0  0 2 0 0 2 0 0 0  0 0 0 0 0 0 0 0
0 0 0 0 0 0 0 0  2 0 0 0 0 2 0 0  0 0 0 0 0 0 0 0
0 0 0 0 0 0 0 2  0 0 0 0 2 0 0 0  0 0 0 0 0 0 0 0
0 0 0 0 0 0 2 0  0 0 0 2 0 0 0 0  0 0 0 0 0 0 0 0
0 0 0 0 0 2 0 0  0 0 0 0 2 0 0 0  0 0 0 0 0 0 0 0
0 0 0 0 0 2 0 0  0 0 0 0 0 2 0 0  0 0 0 0 0 0 0 0
0 0 0 0 0 2 0 0  0 0 0 0 0 0 2 0  0 0 0 0 0 0 0 0
0 0 0 0 0 2 0 0  0 0 0 0 0 0 0 2  0 0 0 0 0 0 0 0
0 0 0 0 0 0 2 0  0 0 0 0 0 0 0 2  0 0 0 0 0 0 0 0
0 0 0 0 0 0 0 2  0 0 0 0 0 0 0 0  2 0 0 0 0 0 0 0
0 0 0 0 0 0 0 2  0 0 0 0 0 0 0 0  0 2 0 0 0 0 0 0
0 0 0 0 0 0 0 2  0 0 0 0 0 0 0 0  0 2 0 0 0 0 0 0
0 0 0 0 0 0 2 0  0 0 0 0 0 0 0 0  0 2 0 0 0 0 0 0
0 0 0 0 0 0 0 2  0 0 0 0 0 0 0 0  2 0 0 0 0 0 0 0
0 0 0 0 0 0 2 0  0 0 0 0 0 0 0 0  2 0 0 0 0 0 0 0
0 0 0 0 0 2 0 0  0 0 0 0 0 0 0 2  0 0 0 0 0 0 0 0
0 0 0 0 2 0 0 0  0 0 0 0 0 0 2 2  0 0 0 0 0 0 0 0
0 0 0 0 2 0 0 0  0 0 0 0 0 0 2 0  0 0 0 0 0 0 0 0
0 0 0 0 2 0 0 0  0 0 0 0 2 2 0 0  0 0 0 0 0 0 0 0
0 0 0 0 0 2 0 0  0 0 0 0 2 0 0 0  0 0 0 0 0 0 0 0
0 0 0 0 0 2 0 0  0 0 0 0 2 0 0 0  0 0 0 0 0 0 0 0
0 0 0 0 0 0 2 0  0 0 0 2 0 0 0 0  0 0 0 0 0 0 0 0
0 0 0 0 0 0 0 2  0 0 2 0 0 0 0 0  0 0 0 0 0 0 0 0
0 0 0 0 0 0 0 0  2 2 0 0 0 0 0 0  0 0 0 0 0 0 0 0

Asteroid tip 2

{{0x00000000, 0x00220000, 0x00000000},
{ 0x00000000, 0x02002000, 0x00000000},
{ 0x00000000, 0x20000200, 0x00000000},
{ 0x00000002, 0x00000020, 0x00000000},
{ 0x00000002, 0x00000020, 0x00000000},
{ 0x00000020, 0x00000020, 0x00000000},
{ 0x00000200, 0x00000020, 0x00000000},
{ 0x00000200, 0x00000002, 0x00000000},
{ 0x00000020, 0x00000002, 0x00000000},
{ 0x00000200, 0x00000002, 0x00000000},
{ 0x00000020, 0x00000002, 0x00000000},
{ 0x00000020, 0x00000002, 0x00000000},
{ 0x00000020, 0x00000000, 0x20000000},
{ 0x00000002, 0x00000000, 0x20000000},
{ 0x00000002, 0x00000000, 0x20000000},
{ 0x00000000, 0x20000000, 0x02000000},
{ 0x00000000, 0x20000000, 0x02000000},
{ 0x00000000, 0x02000000, 0x00200000},
{ 0x00000000, 0x02000000, 0x00200000},
{ 0x00000000, 0x02000000, 0x02000000},
{ 0x00000000, 0x00200000, 0x20000000},
{ 0x00000000, 0x00020002, 0x00000000},
{ 0x00000000, 0x00020020, 0x00000000},
{ 0x00000000, 0x00020020, 0x00000000},
{ 0x00000000, 0x00002020, 0x00000000},
{ 0x00000000, 0x00002200, 0x00000000}
}




0 0 0 0 0 0 0 0  0 0 2 2 0 0 0 0  0 0 0 0 0 0 0 0
0 0 0 0 0 0 0 0  0 2 0 0 2 0 0 0  0 0 0 0 0 0 0 0
0 0 0 0 0 0 0 0  2 0 0 0 0 2 0 0  0 0 0 0 0 0 0 0
0 0 0 0 0 0 0 2  0 0 0 0 0 0 2 0  0 0 0 0 0 0 0 0
0 0 0 0 0 0 0 2  0 0 0 0 0 0 2 0  0 0 0 0 0 0 0 0
0 0 0 0 0 0 2 0  0 0 0 0 0 0 2 0  0 0 0 0 0 0 0 0
0 0 0 0 0 2 0 0  0 0 0 0 0 0 2 0  0 0 0 0 0 0 0 0
0 0 0 0 0 2 0 0  0 0 0 0 0 0 0 2  0 0 0 0 0 0 0 0
0 0 0 0 0 0 2 0  0 0 0 0 0 0 0 2  0 0 0 0 0 0 0 0
0 0 0 0 0 2 0 0  0 0 0 0 0 0 0 2  0 0 0 0 0 0 0 0
0 0 0 0 0 0 2 0  0 0 0 0 0 0 0 2  0 0 0 0 0 0 0 0
0 0 0 0 0 0 2 0  0 0 0 0 0 0 0 2  0 0 0 0 0 0 0 0
0 0 0 0 0 0 2 0  0 0 0 0 0 0 0 0  2 0 0 0 0 0 0 0
0 0 0 0 0 0 0 2  0 0 0 0 0 0 0 0  2 0 0 0 0 0 0 0
0 0 0 0 0 0 0 2  0 0 0 0 0 0 0 0  2 0 0 0 0 0 0 0
0 0 0 0 0 0 0 0  2 0 0 0 0 0 0 0  0 2 0 0 0 0 0 0
0 0 0 0 0 0 0 0  2 0 0 0 0 0 0 0  0 2 0 0 0 0 0 0
0 0 0 0 0 0 0 0  0 2 0 0 0 0 0 0  0 0 2 0 0 0 0 0
0 0 0 0 0 0 0 0  0 2 0 0 0 0 0 0  0 0 2 0 0 0 0 0
0 0 0 0 0 0 0 0  0 2 0 0 0 0 0 0  0 2 0 0 0 0 0 0
0 0 0 0 0 0 0 0  0 0 2 0 0 0 0 0  2 0 0 0 0 0 0 0
0 0 0 0 0 0 0 0  0 0 0 2 0 0 0 2  0 0 0 0 0 0 0 0
0 0 0 0 0 0 0 0  0 0 0 2 0 0 2 0  0 0 0 0 0 0 0 0
0 0 0 0 0 0 0 0  0 0 0 2 0 0 2 0  0 0 0 0 0 0 0 0
0 0 0 0 0 0 0 0  0 0 0 0 2 0 2 0  0 0 0 0 0 0 0 0
0 0 0 0 0 0 0 0  0 0 0 0 2 2 0 0  0 0 0 0 0 0 0 0




Asteroid tip 3

{
 {0x00000000  0x00000022  0x00000000},
 {0x00000000  0x00000200  0x20000000},
 {0x00000000  0x00002000  0x20000000},
 {0x00000000  0x00002000  0x02000000},
 {0x00000000  0x00020000  0x02000000},
 {0x00000000  0x00020000  0x00200000},
 {0x00000000  0x00200000  0x00020000},
 {0x00000000  0x00200000  0x00020000},
 {0x00000000  0x02000000  0x00002000},
 {0x00000000  0x02000000  0x00002000},
 {0x00000000  0x20000000  0x00000200},
 {0x00000000  0x20000000  0x00000200},
 {0x00000000  0x02000000  0x00002000},
 {0x00000000  0x00200000  0x00002000},
 {0x00000000  0x00020000  0x00020000},
 {0x00000000  0x00002000  0x00020000},
 {0x00000000  0x00002000  0x00020000},
 {0x00000000  0x00000200  0x00200000},
 {0x00000000  0x00000200  0x00200000},
 {0x00000000  0x00000020  0x02000000},
 {0x00000000  0x00000002  0x02000000},
 {0x00000000  0x00000002  0x20000000},
 {0x00000000  0x00000002  0x00000000},
 {0x00000000  0x00000022  0x00000000},
 {0x00000000  0x00000220  0x00000000},
 {0x00000000  0x00002200  0x00000000}
}

0 0 0 0 0 0 0 0  0 0 0 0 0 0 2 2  0 0 0 0 0 0 0 0
0 0 0 0 0 0 0 0  0 0 0 0 0 2 0 0  2 0 0 0 0 0 0 0
0 0 0 0 0 0 0 0  0 0 0 0 2 0 0 0  2 0 0 0 0 0 0 0
0 0 0 0 0 0 0 0  0 0 0 0 2 0 0 0  0 2 0 0 0 0 0 0
0 0 0 0 0 0 0 0  0 0 0 2 0 0 0 0  0 2 0 0 0 0 0 0
0 0 0 0 0 0 0 0  0 0 0 2 0 0 0 0  0 0 2 0 0 0 0 0
0 0 0 0 0 0 0 0  0 0 2 0 0 0 0 0  0 0 0 2 0 0 0 0
0 0 0 0 0 0 0 0  0 0 2 0 0 0 0 0  0 0 0 2 0 0 0 0
0 0 0 0 0 0 0 0  0 2 0 0 0 0 0 0  0 0 0 0 2 0 0 0
0 0 0 0 0 0 0 0  0 2 0 0 0 0 0 0  0 0 0 0 2 0 0 0
0 0 0 0 0 0 0 0  2 0 0 0 0 0 0 0  0 0 0 0 0 2 0 0
0 0 0 0 0 0 0 0  2 0 0 0 0 0 0 0  0 0 0 0 0 2 0 0
0 0 0 0 0 0 0 0  0 2 0 0 0 0 0 0  0 0 0 0 2 0 0 0
0 0 0 0 0 0 0 0  0 0 2 0 0 0 0 0  0 0 0 0 2 0 0 0
0 0 0 0 0 0 0 0  0 0 0 2 0 0 0 0  0 0 0 2 0 0 0 0
0 0 0 0 0 0 0 0  0 0 0 0 2 0 0 0  0 0 0 2 0 0 0 0
0 0 0 0 0 0 0 0  0 0 0 0 2 0 0 0  0 0 0 2 0 0 0 0
0 0 0 0 0 0 0 0  0 0 0 0 0 2 0 0  0 0 2 0 0 0 0 0
0 0 0 0 0 0 0 0  0 0 0 0 0 2 0 0  0 0 2 0 0 0 0 0
0 0 0 0 0 0 0 0  0 0 0 0 0 0 2 0  0 2 0 0 0 0 0 0
0 0 0 0 0 0 0 0  0 0 0 0 0 0 0 2  0 2 0 0 0 0 0 0
0 0 0 0 0 0 0 0  0 0 0 0 0 0 0 2  2 0 0 0 0 0 0 0
0 0 0 0 0 0 0 0  0 0 0 0 0 0 0 0  0 0 0 0 0 0 0 0
0 0 0 0 0 0 0 0  0 0 0 0 0 0 0 0  0 0 0 0 0 0 0 0

Player

{
{0x00000000, 0x00022000, 0x00000000},
{0x00000000, 0x00022000, 0x00000000},
{0x00000000, 0x00222200, 0x00000000},
{0x00000000, 0x00222200, 0x00000000},
{0x00000000, 0x02222220, 0x00000000},
{0x00000000, 0x02222220, 0x00000000},
{0x00000000, 0x22222222, 0x00000000},
{0x00000000, 0x22222222, 0x00000000},
{0x00000002, 0x22222222, 0x20000000},
{0x00000002, 0x22222222, 0x20000000},
{0x00000022, 0x22222222, 0x22000000},
{0x00000022, 0x22222222, 0x22000000},
{0x00000222, 0x22200222, 0x22200000},
{0x00000222, 0x22000022, 0x22200000},
{0x00002222, 0x20000002, 0x22220000},
{0x00002222, 0x00000000, 0x22220000},
{0x00022220, 0x00000000, 0x02222000},
{0x00022200, 0x00000000, 0x00222000},
{0x00220000, 0x00000000, 0x00002200},
{0x00200000, 0x00000000, 0x00000200},
{0x02000000, 0x00000000, 0x00000020},
{0x02000000, 0x00000000, 0x00000020},
{0x20000000, 0x00000000, 0x00000002},
{0x20000000, 0x00000000, 0x00000002},
{0x20000000, 0x00000000, 0x00000002},
{0x20000000, 0x00000000, 0x00000002}
}

0 0 0 0 0 0 0 0  0 0 0 2 2 0 0 0  0 0 0 0 0 0 0 0
0 0 0 0 0 0 0 0  0 0 0 2 2 0 0 0  0 0 0 0 0 0 0 0
0 0 0 0 0 0 0 0  0 0 2 2 2 2 0 0  0 0 0 0 0 0 0 0
0 0 0 0 0 0 0 0  0 0 2 2 2 2 0 0  0 0 0 0 0 0 0 0
0 0 0 0 0 0 0 0  0 2 2 2 2 2 2 0  0 0 0 0 0 0 0 0
0 0 0 0 0 0 0 0  0 2 2 2 2 2 2 0  0 0 0 0 0 0 0 0
0 0 0 0 0 0 0 0  2 2 2 2 2 2 2 2  0 0 0 0 0 0 0 0
0 0 0 0 0 0 0 0  2 2 2 2 2 2 2 2  0 0 0 0 0 0 0 0
0 0 0 0 0 0 0 2  2 2 2 2 2 2 2 2  2 0 0 0 0 0 0 0
0 0 0 0 0 0 0 2  2 2 2 2 2 2 2 2  2 0 0 0 0 0 0 0
0 0 0 0 0 0 2 2  2 2 2 2 2 2 2 2  2 2 0 0 0 0 0 0
0 0 0 0 0 0 2 2  2 2 2 2 2 2 2 2  2 2 0 0 0 0 0 0
0 0 0 0 0 2 2 2  2 2 2 0 0 2 2 2  2 2 2 0 0 0 0 0
0 0 0 0 0 2 2 2  2 2 0 0 0 0 2 2  2 2 2 0 0 0 0 0
0 0 0 0 2 2 2 2  2 0 0 0 0 0 0 2  2 2 2 2 0 0 0 0
0 0 0 0 2 2 2 2  0 0 0 0 0 0 0 0  2 2 2 2 0 0 0 0
0 0 0 2 2 2 2 0  0 0 0 0 0 0 0 0  0 2 2 2 2 0 0 0
0 0 0 2 2 2 0 0  0 0 0 0 0 0 0 0  0 0 2 2 2 0 0 0
0 0 2 2 0 0 0 0  0 0 0 0 0 0 0 0  0 0 0 0 2 2 0 0
0 0 2 0 0 0 0 0  0 0 0 0 0 0 0 0  0 0 0 0 0 2 0 0
0 2 0 0 0 0 0 0  0 0 0 0 0 0 0 0  0 0 0 0 0 0 2 0
0 2 0 0 0 0 0 0  0 0 0 0 0 0 0 0  0 0 0 0 0 0 2 0
2 0 0 0 0 0 0 0  0 0 0 0 0 0 0 0  0 0 0 0 0 0 0 2
2 0 0 0 0 0 0 0  0 0 0 0 0 0 0 0  0 0 0 0 0 0 0 2
2 0 0 0 0 0 0 0  0 0 0 0 0 0 0 0  0 0 0 0 0 0 0 2
2 0 0 0 0 0 0 0  0 0 0 0 0 0 0 0  0 0 0 0 0 0 0 2





player_state1
{
{0x20000000,0x00000000,0x00000000},
{0x02200000,0x00000000,0x00000000},
{0x02220000,0x00000000,0x00000000},
{0x00222000,0x00000000,0x00000000},
{0x00022200,0x00000000,0x00000000},
{0x00022222,0x00000000,0x00000000},
{0x00002222,0x20000000,0x00000000},
{0x00000222,0x22000000,0x00000000},
{0x00000222,0x22200000,0x00000000},
{0x00000022,0x22222000,0x00000000},
{0x00000002,0x22222200,0x00000000},
{0x00000002,0x22222220,0x00000000},
{0x00000000,0x22222222,0x20000000},
{0x00000000,0x22222222,0x22000000},
{0x00000000,0x02222222,0x22200000},
{0x00000000,0x00222200,0x02222000},
{0x00000000,0x00222200,0x00022200},
{0x00000000,0x00022200,0x00000220},
{0x00000000,0x00022200,0x00000022},
{0x00000000,0x00002200,0x00000002},
{0x00000000,0x00000220,0x00000000},
{0x00000000,0x00000220,0x00000000},
{0x00000000,0x00000220,0x00000000},
{0x00000000,0x00000022,0x00000000},
{0x00000000,0x00000002,0x00000000},
{0x00000000,0x00000002,0x00000000}
}



20000000 00000000 00000000
02200000 00000000 00000000
02220000 00000000 00000000
00222000 00000000 00000000
00022200 00000000 00000000
00022222 00000000 00000000
00002222 20000000 00000000
00000222 22000000 00000000
00000222 22200000 00000000
00000022 22222000 00000000
00000002 22222200 00000000
00000002 22222220 00000000
00000000 22222222 20000000
00000000 22222222 22000000
00000000 02222222 22200000
00000000 00222200 02222000
00000000 00222200 00022200
00000000 00022200 00000220
00000000 00022200 00000022
00000000 00002200 00000002
00000000 00000220 00000000
00000000 00000220 00000000
00000000 00000220 00000000
00000000 00000022 00000000
00000000 00000002 00000000
00000000 00000002 00000000

player_state2
{
{0x00000000,0x20000000,0x00000000},
{0x00000000,0x20000000,0x00000000},
{0x00000000,0x22000000,0x00000000},
{0x00000000,0x22000000,0x00000000},
{0x00000000,0x02200000,0x00000000},
{0x00000000,0x02220000,0x00000000},
{0x00000000,0x02220000,0x00000000},
{0x00000000,0x02222000,0x00000000},
{0x22000000,0x02222000,0x00000000},
{0x02222200,0x00222200,0x00000000},
{0x00022222,0x00222220,0x00000000},
{0x00002222,0x22222220,0x00000000},
{0x00000022,0x22222222,0x00000000},
{0x00000002,0x22222222,0x20000000},
{0x00000000,0x22222222,0x20000000},
{0x00000000,0x00222222,0x22000000},
{0x00000000,0x00022222,0x22000000},
{0x00000000,0x00000222,0x22200000},
{0x00000000,0x00000022,0x22220000},
{0x00000000,0x00000002,0x22220000},
{0x00000000,0x00000000,0x02222000},
{0x00000000,0x00000000,0x00222000},
{0x00000000,0x00000000,0x00022200},
{0x00000000,0x00000000,0x00002220},
{0x00000000,0x00000000,0x00000022},
{0x00000000,0x00000000,0x00000002}
}

000000002000000000000000
000000002000000000000000
000000002200000000000000
000000002200000000000000
000000000220000000000000
000000000222000000000000
000000000222000000000000
000000000222200000000000
220000000222200000000000
022222000022220000000000
000222220022222000000000
000022222222222000000000
000000222222222200000000
000000022222222220000000
000000002222222220000000
000000000022222222000000
000000000002222222000000
000000000000022222200000
000000000000002222220000
000000000000000222220000
000000000000000002222000
000000000000000000222000
000000000000000000022200
000000000000000000002220
000000000000000000000022
000000000000000000000002


player_state3
{
{0x00000000,0x00000000,0x00000022},
{0x00000000,0x00000000,0x00000220},
{0x00000000,0x00000000,0x00022200},
{0x00000000,0x00000000,0x00222200},
{0x00000000,0x00000000,0x22222000},
{0x00000000,0x00000022,0x22220000},
{0x00000000,0x00002222,0x22200000},
{0x00000000,0x00022222,0x22000000},
{0x00000000,0x02222222,0x22000000},
{0x00000002,0x22222222,0x20000000},
{0x00000222,0x22222222,0x00000000},
{0x00222222,0x22222220,0x00000000},
{0x22222222,0x22222200,0x00000000},
{0x22222222,0x22222200,0x00000000},
{0x00222222,0x22222220,0x00000000},
{0x00000222,0x22222222,0x00000000},
{0x00000002,0x22222222,0x20000000},
{0x00000000,0x02222222,0x22000000},
{0x00000000,0x00022222,0x22000000},
{0x00000000,0x00002222,0x22200000},
{0x00000000,0x00000022,0x22220000},
{0x00000000,0x00000000,0x22222000},
{0x00000000,0x00000000,0x00222200},
{0x00000000,0x00000000,0x00022200},
{0x00000000,0x00000000,0x00000220},
{0x00000000,0x00000000,0x00000022}
}

000000000000000000000022
000000000000000000000220
000000000000000000022200
000000000000000000222200
000000000000000022222000
000000000000002222220000
000000000000222222200000
000000000002222222000000
000000000222222222000000
000000022222222220000000
000002222222222200000000
002222222222222000000000
222222222222220000000000
222222222222220000000000
002222222222222000000000
000002222222222200000000
000000022222222220000000
000000000222222222000000
000000000002222222000000
000000000000222222200000
000000000000002222220000
000000000000000022222000
000000000000000000222200
000000000000000000022200
000000000000000000000220
000000000000000000000022

player_state4
{
{0x22000000,0x00000000,0x00000000},
{0x02200000,0x00000000,0x00000000},
{0x00222000,0x00000000,0x00000000},
{0x00222220,0x00000000,0x00000000},
{0x00022222,0x00000000,0x00000000},
{0x00002222,0x22000000,0x00000000},
{0x00000222,0x22220000,0x00000000},
{0x00000022,0x22222200,0x00000000},
{0x00000002,0x22222222,0x00000000},
{0x00000000,0x22222222,0x22000000},
{0x00000000,0x02222222,0x22220000},
{0x00000000,0x02222222,0x22222200},
{0x00000000,0x00222222,0x22222222},
{0x00000000,0x00222222,0x22222222},
{0x00000000,0x02222222,0x22222200},
{0x00000000,0x02222222,0x22220000},
{0x00000000,0x22222222,0x22000000},
{0x00000002,0x22222222,0x00000000},
{0x00000022,0x22222200,0x00000000},
{0x00000222,0x22220000,0x00000000},
{0x00002222,0x22000000,0x00000000},
{0x00022222,0x00000000,0x00000000},
{0x00222220,0x00000000,0x00000000},
{0x00222000,0x00000000,0x00000000},
{0x02200000,0x00000000,0x00000000},
{0x22000000,0x00000000,0x00000000}
}
220000000000000000000000
022000000000000000000000
002220000000000000000000
002222200000000000000000
000222220000000000000000
000022222200000000000000
000002222222000000000000
000000222222220000000000
000000022222222200000000
000000002222222222000000
000000000222222222220000
000000000222222222222200
000000000022222222222222
000000000022222222222222
000000000222222222222200
000000000222222222220000
000000002222222222000000
000000022222222200000000
000000222222220000000000
000002222222000000000000
000022222200000000000000
000222220000000000000000
002222200000000000000000
002220000000000000000000
022000000000000000000000
220000000000000000000000

player_state5
{
{0x00000000,0x00000002,0x00000000},
{0x00000000,0x00000002,0x00000000},
{0x00000000,0x00000022,0x00000000},
{0x00000000,0x00000022,0x00000000},
{0x00000000,0x00000220,0x00000000},
{0x00000000,0x00002220,0x00000000},
{0x00000000,0x00002220,0x00000000},
{0x00000000,0x00022200,0x00000000},
{0x00000000,0x00222200,0x00000222},
{0x00000000,0x00222200,0x00222200},
{0x00000000,0x02222002,0x22222000},
{0x00000000,0x02222222,0x22200000},
{0x00000000,0x22222222,0x22000000},
{0x00000002,0x22222222,0x20000000},
{0x00000002,0x22222220,0x00000000},
{0x00000022,0x22222200,0x00000000},
{0x00000222,0x22222000,0x00000000},
{0x00000222,0x22220000,0x00000000},
{0x00002222,0x22000000,0x00000000},
{0x00002222,0x20000000,0x00000000},
{0x00022220,0x00000000,0x00000000},
{0x00022200,0x00000000,0x00000000},
{0x00220000,0x00000000,0x00000000},
{0x02200000,0x00000000,0x00000000},
{0x22000000,0x00000000,0x00000000},
{0x20000000,0x00000000,0x00000000}
}
000000000000000200000000
000000000000000200000000
000000000000002200000000
000000000000002200000000
000000000000022000000000
000000000000222000000000
000000000000222000000000
000000000002220000000000
000000000022220000000222
000000000022220000222200
000000000222200222222000
000000000222222222200000
000000002222222222000000
000000022222222220000000
000000022222222000000000
000000222222220000000000
000002222222200000000000
000002222222000000000000
000022222200000000000000
000022222000000000000000
000222200000000000000000
000222000000000000000000
002200000000000000000000
022000000000000000000000
220000000000000000000000
200000000000000000000000

player_state6
{
{0x00000000,0x00000000,0x00000002},
{0x00000000,0x00000000,0x00000022},
{0x00000000,0x00000000,0x00002220},
{0x00000000,0x00000000,0x00022200},
{0x00000000,0x00000000,0x00222200},
{0x00000000,0x00000000,0x22222000},
{0x00000000,0x00000002,0x22220000},
{0x00000000,0x00000022,0x22220000},
{0x00000000,0x00002222,0x22200000},
{0x00000000,0x00222222,0x20000000},
{0x00000000,0x02222222,0x20000000},
{0x00000002,0x22222222,0x00000000},
{0x00000022,0x22222220,0x00000000},
{0x00000222,0x22222200,0x00000000},
{0x00022222,0x22222200,0x00000000},
{0x00222220,0x02222000,0x00000000},
{0x02222000,0x00222000,0x00000000},
{0x22200000,0x00222000,0x00000000},
{0x22000000,0x02220000,0x00000000},
{0x20000000,0x02220000,0x00000000},
{0x00000000,0x02200000,0x00000000},
{0x00000000,0x02200000,0x00000000},
{0x00000000,0x22000000,0x00000000},
{0x00000000,0x22000000,0x00000000},
{0x00000000,0x20000000,0x00000000},
{0x00000000,0x20000000,0x00000000}
}
000000000000000000000002
000000000000000000000022
000000000000000000002220
000000000000000000022200
000000000000000000222200
000000000000000022222000
000000000000000222220000
000000000000002222220000
000000000000222222200000
000000000022222220000000
000000000222222220000000
000000022222222200000000
000000222222222000000000
000002222222220000000000
000222222222220000000000
002222200222200000000000
022220000022200000000000
222000000022200000000000
220000000222000000000000
200000000222000000000000
000000000220000000000000
000000000220000000000000
000000002200000000000000
000000002200000000000000
000000002000000000000000
000000002000000000000000

player_state7
{
{0x20000000,0x00000000,0x00000002},
{0x22000000,0x00000000,0x00000022},
{0x02200000,0x00000000,0x00000220},
{0x02220000,0x00000000,0x00002220},
{0x00222000,0x00000000,0x00022200},
{0x00022200,0x00000000,0x00222000},
{0x00022220,0x00000000,0x02222000},
{0x00002222,0x00000000,0x22220000},
{0x00002222,0x20000002,0x22220000},
{0x00002222,0x22000022,0x22220000},
{0x00000222,0x22200222,0x22200000},
{0x00000222,0x22222222,0x22200000},
{0x00000022,0x22222222,0x22000000},
{0x00000022,0x22222222,0x22000000},
{0x00000002,0x22222222,0x20000000},
{0x00000002,0x22222222,0x20000000},
{0x00000000,0x22222222,0x00000000},
{0x00000000,0x22222222,0x00000000},
{0x00000000,0x02222220,0x00000000},
{0x00000000,0x02222220,0x00000000},
{0x00000000,0x02222220,0x00000000},
{0x00000000,0x00222200,0x00000000},
{0x00000000,0x00222200,0x00000000},
{0x00000000,0x00022000,0x00000000},
{0x00000000,0x00022000,0x00000000},
{0x00000000,0x00022000,0x00000000}
}
200000000000000000000002
220000000000000000000022
022000000000000000000220
022200000000000000002220
002220000000000000022200
000222000000000000222000
000222200000000002222000
000022220000000022220000
000022222000000222220000
000022222200002222220000
000002222220022222200000
000002222222222222200000
000000222222222222000000
000000222222222222000000
000000022222222220000000
000000022222222220000000
000000002222222200000000
000000002222222200000000
000000000222222000000000
000000000222222000000000
000000000222222000000000
000000000022220000000000
000000000022220000000000
000000000002200000000000
000000000002200000000000
000000000002200000000000

player_state8
{

{0x00000000,0x00022000,0x00000000},
{0x00000000,0x00022000,0x00000000},
{0x00000000,0x00022000,0x00000000},
{0x00000000,0x00222200,0x00000000},
{0x00000000,0x00222200,0x00000000},
{0x00000000,0x02222220,0x00000000},
{0x00000000,0x02222220,0x00000000},
{0x00000000,0x22222222,0x00000000},
{0x00000000,0x22222222,0x00000000},
{0x00000002,0x22222222,0x20000000},
{0x00000002,0x22222222,0x20000000},
{0x00000022,0x22222222,0x22000000},
{0x00000022,0x22222222,0x22000000},
{0x00000222,0x22222222,0x22200000},
{0x00000222,0x22200222,0x22200000},
{0x00002222,0x22000022,0x22220000},
{0x00002222,0x20000002,0x22220000},
{0x00002222,0x00000000,0x22220000},
{0x00022220,0x00000000,0x02222000},
{0x00022200,0x00000000,0x00222000},
{0x00222000,0x00000000,0x00022200},
{0x02220000,0x00000000,0x00002220},
{0x02200000,0x00000000,0x00000220},
{0x22000000,0x00000000,0x00000022},
{0x20000000,0x00000000,0x00000002}
}

000000000002200000000000
000000000002200000000000
000000000002200000000000
000000000022220000000000
000000000022220000000000
000000000222222000000000
000000000222222000000000
000000000222222000000000
000000002222222200000000
000000002222222200000000
000000022222222220000000
000000022222222220000000
000000222222222222000000
000000222222222222000000
000002222222222222200000
000002222220022222200000
000022222200002222220000
000022222000000222220000
000022220000000022220000
000222200000000002222000
000222000000000000222000
002220000000000000022200
022200000000000000002220
022000000000000000000220
220000000000000000000022
200000000000000000000002
